strategy:
  name: "BTCTrendStrategy"
  parameters:
    btc_threshold: 0.0001276171045508013
    btc_threshold_up: 0.00013197458767127192
    btc_threshold_down: 0.00013508733487342921
    lookback_minutes: 2
    er_threshold: 0.9495931307088206
    pos_size_pct: 0.03
    exit_profit_pct: 0.010570363848653763
    stop_loss_pct: 0.018219908431191825
    max_minutes_elapsed: 10.755024739197031
    filter_strike_trend: true
    er_lookback: 2

backtest:
  initial_capital: 1000.0
  is_oos_split: 0.8  # 80% In-Sample
  slippage_bps: 50   # 50bps half-spread for true real-world Polymarket parity
