strategy:
  name: "BTCTrendStrategy"
  parameters:
    btc_threshold: 2.5186282046009214e-05
    btc_threshold_up: 2.5186282046009214e-05
    btc_threshold_down: 9.353543003044717e-05
    lookback_minutes: 2
    er_threshold: 0.3840991512520384
    pos_size_pct: 0.04295752292230486
    exit_profit_pct: 0.0018971402804499522
    stop_loss_pct: 0.004779526669271217
    max_minutes_elapsed: 9.209278552193862
    filter_strike_trend: true


backtest:
  initial_capital: 1000.0
  is_oos_split: 0.8  # 80% In-Sample
  slippage_bps: 10   # Increase to 10bps for more realism
