strategy:
  name: "BTCTrendStrategy"
  parameters:
    btc_threshold: 0.0001258696857686756
    btc_threshold_up: 0.00013373575933865096
    btc_threshold_down: 0.0001441505880256112
    lookback_minutes: 2
    er_threshold: 0.9247299623040203
    pos_size_pct: 0.03
    exit_profit_pct: 0.010636236657735214
    stop_loss_pct: 0.018833502269120946
    max_minutes_elapsed: 10.701785531153359
    filter_strike_trend: true
    er_lookback: 2

backtest:
  initial_capital: 1000.0
  is_oos_split: 0.8  # 80% In-Sample
  slippage_bps: 50   # 50bps half-spread for true real-world Polymarket parity
