strategy:
  name: "BTCTrendStrategy"
  parameters:
    btc_threshold: 0.00013361118104529958
    btc_threshold_up: 0.00013361118104529958
    btc_threshold_down: 0.00014411005116773347
    lookback_minutes: 2
    er_threshold: 0.8431436827871925
    pos_size_pct: 0.03
    exit_profit_pct: 0.01196291304379161
    stop_loss_pct: 0.018321002465024855
    max_minutes_elapsed: 10.335172332284145
    filter_strike_trend: true
    er_lookback: 2

backtest:
  initial_capital: 1000.0
  is_oos_split: 0.8  # 80% In-Sample
  slippage_bps: 50   # 50bps half-spread for true real-world Polymarket parity
